((("ext:shell" .
   [2 0 0 0 0 0 0 0 0])
  ("skiena" .
   [1 0 0 0 0 0])
  ("chapter" .
   [1 0 0 0 0 0 0])
  ("bit" .
   [1 0 0])
  ("iterative" .
   [1 0 0 0 0 0 0 0 0])
  ("google" .
   [1 0 0 0 0 0])
  ("generating" .
   [1 0 0 0 0 0 0 0 0 0])
  ("algorithm" .
   [1 0 0 0 0 0 0 0 0])
  ("algorithms" .
   [1 0 0 0 0 0 0 0 0 0])
  ("and" .
   [2 0 0])
  ("structure" .
   [1 0 0 0 0 0 0 0 0])
  ("data" .
   [1 0 0 0])
  ("subsets" .
   [3 0 0 0 0 0 0])
  ("manual" .
   [2 0 0 0 0 0])
  ("contest" .
   [1 0 0 0 0 0 0])
  ("programming" .
   [2 0 0 0 0 0 0 0 0 0 0])
  ("C++" .
   [0 0 1])
  ("****" .
   [1 0 0 0])
  ("***" .
   [1 0 0])
  ("**" .
   [1 0])
  ("k+1" .
   [0 0 1])
  ("subset" .
   [2 0 0 0 0 1])
  ("search" .
   [4 0 0 0 0 0])
  ("c" .
   [1])
  ("h" .
   [2])
  ("hello" .
   [2 0 0 0 0])
  ("cin" .
   [2 0 0])
  ("log" .
   [1 0 0])
  ("x" .
   [1])
  ("num_digits" .
   [1 0 0 0 0 0 0 0 0 0])
  ("i" .
   [10])
  ("number" .
   [1 0 0 0 0 0])
  ("rank" .
   [8 0 0 0])
  ("j" .
   [5])
  ("cards" .
   [5 0 0 0 0])
  ("split" .
   [6 0 0 0 0])
  ("card" .
   [8 0 0 0])
  ("scards" .
   [1 0 0 0 0 0])
  ("rcards" .
   [3 0 0 0 0 0])
  ("rank1" .
   [1 0 0 0 0])
  ("append" .
   [3 0 0 0 0 0])
  ("rank_cards" .
   [17 0 0 0 0 0 0 0 0 1])
  ("suit_cards" .
   [2 0 0 0 0 0 0 0 0 0])
  ("sort" .
   [8 0 0 0])
  ("arithmetic_prog_sum" .
   [0 0 0 0 0 0 0 1 0 0 0 0 0 0 0 0 0 0 0])
  ("sorted_rank" .
   [9 0 0 0 0 0 0 0 0 0 0])
  ("arith_sum" .
   [2 0 0 0 0 0 0 0 1])
  ("elif" .
   [0 0 0 1])
  ("org" .
   [1 0 0])
  ("autocomplete" .
   [1 0 0 0 0 0 0 0 0 0 0 0])
  ("c++" .
   [0 0 4])
  ("results" .
   [3 0 0 0 0 0 0])
  ("emacs" .
   [1 0 0 0 0])
  ("flet" .
   [2 0 0 0])
  ("map" .
   [2 0 0])
  ("string" .
   [10 0 0 0 0 0])
  ("lambda" .
   [2 0 0 0 0 0])
  ("defparameter" .
   [1 0 0 0 0 0 0 0 0 0 0 0])
  ("let" .
   [4 0 0])
  ("eq" .
   [2 0])
  ("if" .
   [3 0])
  ("cond" .
   [3 0 0 0])
  ("print" .
   [14 0 0 0 0])
  ("dna1" .
   [12 0 0 0])
  ("dna2" .
   [7 0 0 0])
  ("parse-integer" .
   [3 0 0 0 0 0 0 0 0 0 0 0 0])
  ("loop" .
   [4 0 0 0])
  ("do" .
   [4 0])
  ("princ" .
   [3 0 0 0 0])
  ("for" .
   [1 0 0])
  ("accross" .
   [2 0 0 0 0 0 0])
  ("progn" .
   [1 0 0 0 0])
  ("char=" .
   [4 0 0 0 0])
  ("string-width" .
   [1 0 0 0 0 0 1 0 0 0 0 0])
  ("eql" .
   [1 0 0])
  ("nil" .
   [4 0 0])
  ("matches" .
   [4 0 0 0 0 0 0])
  ("let*" .
   [1 0 0 0])
  ("mapcar" .
   [1 0 0 0 0 0])
  ("the" .
   [1 0 0])
  ("setq" .
   [1 0 0 0])
  ("list" .
   [1 0 0 0])
  ("reduce" .
   [1 0 0 0 0 0])
  ("length" .
   [2 0 0 0 0 0])
  ("not" .
   [1 0 0])))
